176,0
175,4
175,3
175,2
175,1
175,0
174,10
174,9
174,8
174,7
174,6
174,5
174,4
174,3
174,2
174,1
174,0
173,3
173,2
173,1
173,0
172,4
172,3
172,2
172,1
172,0
171,5
171,4
171,3
171,2
171,1
171,0
170,6
170,5
170,4
170,3
170,2
170,1
170,0
169,3
169,2
169,1
169,0
168,3
168,2
168,1
168,0
167,4
167,3
167,2
167,1
167,0
166,4
166,3
166,2
166,1
166,0
165,4
165,3
165,2
165,1
165,0
164,3
164,2
164,1
164,0
163,4
163,3
163,2
163,1
163,0
4,3
4,2
4,1
4,0
3,6
3,5
3,4
3,3
3,2
3,1
3,0
2,6
2,5
2,4
2,3
2,2
2,1
2,0
1,3
1,2
1,1
1,0
0,424
0,408
0,406
0,402
0,399
0,397
0,396
0,389
0,384
0,383
0,381
0,380
0,379
0,377
0,374
0,367
0,354
0,343
0,326
0,322
0,317
0,315
0,313
0,309
0,301
0,243
0,9
0,1
0,0
0,310
0,305
0,308
0,304
0,303
0,302
0,307
0,12
0,10
0,8
0,413
0,300
0,312
0,299
0,324
0,298
0,349
0,297
0,330
0,296
0,295
0,333
0,294
0,320
0,293
0,444
0,292
0,365
0,291
0,403
0,290
0,350
0,289
0,288
0,358
0,287
0,364
0,286
0,347
0,285
0,332
0,284
0,346
0,283
0,282
0,400
0,281
0,314
0,280
0,366
0,279
176,1
176,2
176,4
176,5
176,7
176,8
176,10
176,12
176,13
176,15
176,16
176,18
176,20
176,21
176,23
176,24
176,26
176,27
176,29
176,31
176,32
176,34
176,35
176,37
176,65
176,66
176,68
176,69
176,71
176,72
176,74
176,76
176,77
176,79
176,80
176,82
176,84
176,85
176,87
176,88
176,90
176,91
176,93
176,95
176,96
176,98
176,99
176,101
176,103
176,104
176,106
176,107
176,109
176,111
176,112
176,114
176,115
176,117
176,118
176,120
176,122
176,123
176,125
176,126
176,128
176,130
176,131
176,133
176,134
176,136
176,137
176,139
176,141
176,142
176,144
176,145
176,147
176,149
176,150
176,152
176,153
177,1
177,2
178,0
178,2
178,3
178,5
178,6
178,8
178,10
179,0
179,2
179,3
179,5
180,1
180,2
180,4
181,0
181,2
181,3
181,5
182,1
182,2
182,4
182,5
183,1
183,3
183,4
183,6
184,0
184,2
184,3
184,5
185,0
185,1
185,3
185,4
185,5
185,2
184,6
184,4
184,1
183,5
183,2
183,0
182,3
182,0
181,4
181,1
180,3
180,0
179,4
179,1
178,9
178,7
178,4
178,1
177,3
177,0
176,151
176,148
176,146
176,143
176,140
176,138
176,135
176,132
176,129
176,127
176,124
176,121
176,119
176,116
176,113
176,110
176,108
176,105
176,102
176,100
176,97
176,94
176,92
176,89
176,86
176,83
176,81
176,78
176,75
176,73
176,70
176,67
176,64
176,36
176,33
176,30
176,28
176,25
176,22
176,19
176,17
176,14
176,11
176,9
176,6
176,3
0,386
0,278
0,388
0,277
0,344
0,276
0,422
0,275
0,372
0,274
0,405
0,273
0,425
0,272
0,421
0,271
0,375
0,270
0,323
0,269
0,426
0,268
0,376
0,267
0,440
0,266
0,412
0,265
0,327
0,264
0,441
0,263
0,338
0,262
0,357
0,261
0,260
0,348
0,259
0,362
0,258
0,311
0,257
0,393
0,256
0,409
0,255
0,360
0,254
0,387
0,253
0,341
0,252
0,251
0,395
0,250
0,391
0,249
0,394
0,248
0,247
0,363
0,246
0,437
0,245
0,371
0,244
0,325
0,242
0,439
0,241
0,240
0,429
0,239
0,436
0,238
0,368
0,237
0,335
0,236
0,398
0,235
0,382
0,234
0,329
0,233
0,356
0,232
0,328
0,231
0,392
0,230
0,411
0,229
0,228
0,321
0,227
0,431
0,226
0,410
0,225
0,359
0,224
0,352
0,223
0,435
0,222
0,416
0,221
0,355
0,220
0,434
0,219
0,415
0,218
0,414
0,217
0,445
0,216
0,443
0,215
0,369
0,214
0,390
0,213
0,432
0,212
0,419
0,211
0,427
0,210
0,430
0,209
0,340
0,208
0,442
0,207
0,345
0,206
0,319
0,205
0,417
0,204
0,401
0,203
0,342
0,202
0,404
0,201
0,200
0,428
0,199
0,370
0,198
0,378
0,197
0,196
0,420
0,195
0,361
0,194
0,418
0,193
0,192
0,316
0,63
0,62
0,306
0,61
0,336
0,60
0,353
0,59
0,58
0,446
0,57
0,433
0,56
0,447
0,55
0,373
0,54
0,438
0,53
0,337
0,52
0,318
0,51
0,351
0,50
0,407
0,49
0,423
0,48
0,334
0,47
0,339
0,46
0,385
0,45
0,331
0,6
0,5
0,11
0,4
0,2
0,3
0,7
